0 Untitled
0 Name: lookgray.dat
0 Author: MLCad
0 Unofficial Model
0 Inlined: 1 0 -293.9 -100.047 18.052 0.996 0 0.087 0 1 0 -0.087 0 0.996 ronin_sole.dat
0 Inlined: 1 7 -280.07 51.953 -53.408 -.996 0 -.087 0 1 0 .087 0 -.996 ronin_toe.dat
1 4 -309.95 211.953 -50.798 0.087 0 -0.996 0 1 0 0.996 0 0.087 3020.DAT
1 7 -309.95 203.953 -50.798 0.087 0 -0.996 0 1 0 0.996 0 0.087 3020.DAT
0 STEP
1 7 -307.34 179.953 -20.918 -0.996 0 -0.087 0 1 0 0.087 0 -0.996 3700.DAT
0 STEP
1 7 -309.08 179.953 -40.838 0.996 0 0.087 0 1 0 -0.087 0 0.996 3298.DAT
1 0 -306.47 189.953 -10.958 0.087 0 -0.996 0 1 0 0.996 0 0.087 4459.DAT
1 7 -307.34 155.953 -20.918 0.996 0 0.087 0 1 0 -0.087 0 0.996 3039.DAT
0 Inlined: 1 7 -290.42 163.953 57.892 .996 0 .087 0 1 0 -.087 0 .996 ronin_heel.dat
0 Ronin Heel
0 Name: ronin_heel.dat
0 Author: Ben Vaughan
0 Unofficial Model
1 4 -300.38 211.953 58.762 0.087 0 -0.996 0 1 0 0.996 0 0.087 3021.DAT
1 7 -300.38 203.953 58.762 0.087 0 -0.996 0 1 0 0.996 0 0.087 3021.DAT
0 STEP
1 7 -302.12 179.953 38.842 0.996 0 0.087 0 1 0 -0.087 0 0.996 3700.DAT
0 STEP
1 0 -302.99 189.953 28.882 -0.087 0 0.996 0 1 0 -0.996 0 -0.087 4459.DAT
0 STEP
1 7 -300.38 179.953 58.762 -0.996 0 -0.087 0 1 0 0.087 0 -0.996 3039.DAT
1 7 -302.12 155.953 38.842 -0.996 0 -0.087 0 1 0 0.087 0 -0.996 3039.DAT
0 STEP
0 Inlined: 1 0 -297.627 145.728 18.962 0.086 0.174 0.981 0.015 -0.985 0.173 0.996 0 -0.087 ronin_ankle.dat
0 Ronin Ankle
0 Name: ronin_ankle.dat
0 Author: Ben Vaughan
0 Unofficial Model
1 7 -304.055 177.098 9.002 0.086 0.174 0.981 0.015 -0.985 0.173 0.996 0 -0.087 3003.DAT
0 STEP
1 0 -309.091 200.588 -0.958 0.981 0.174 -0.086 0.173 -0.985 -0.015 -0.087 0 -0.996 3700.DAT
1 0 -307.371 200.888 18.962 0.981 0.174 -0.086 0.173 -0.985 -0.015 -0.087 0 -0.996 3700.DAT
0 STEP
1 7 -309.623 208.618 9.002 0.086 0.174 0.981 0.015 -0.985 0.173 0.996 0 -0.087 3022.DAT
0 STEP
0 Inlined: 1 0 -202.212 117.873 17 0.985 -0.174 0 0.174 0.985 0 0 0 1 ronin_rtshin.dat
0 Ronin Right Shin
0 Name: ronin_rtshin.dat
0 Author: Ben Vaughan
0 Unofficial Model
1 7 -299.214 149.493 79 0.985 0 0.174 0.174 0 -0.985 0 1 0 3022.DAT
1 7 -290.514 100.243 79 0.174 0 -0.985 -0.985 0 -0.174 0 1 0 3021.DAT
1 7 -293.994 119.943 55 0.985 0 0.174 0.174 0 -0.985 0 1 0 3298.DAT
1 7 -290.514 100.243 55 0.985 0 0.174 0.174 0 -0.985 0 1 0 3065.DAT
1 7 -287.034 80.543 55 -0.985 0 -0.174 -0.174 0 0.985 0 1 0 3660.DAT
1 7 -283.554 60.843 31 -0.985 0 -0.174 -0.174 0 0.985 0 1 0 3747.DAT
1 7 -292.254 110.093 31 -0.174 0 0.985 0.985 0 0.174 0 1 0 3001.DAT
1 7 -285.294 70.693 23 -0.174 0 0.985 0.985 0 0.174 0 1 0 3795.DAT
1 7 -288.774 90.393 15 0.174 0 -0.985 -0.985 0 -0.174 0 1 0 3020.DAT
1 7 -288.774 90.393 7 0.174 0 -0.985 -0.985 0 -0.174 0 1 0 3020.DAT
1 7 -287.034 80.543 -1 0.174 0 -0.985 -0.985 0 -0.174 0 1 0 3021.DAT
1 0 -295.734 129.793 -1 -0.174 0 0.985 0.985 0 0.174 0 1 0 2444.DAT
1 7 -288.184 29.553 -1 0.174 0 -0.985 -0.985 0 -0.174 0 1 0 30365.DAT
1 7 -268.484 33.033 -1 0.174 0 -0.985 -0.985 0 -0.174 0 1 0 30365.DAT
1 7 -301.514 47.513 19 -0.174 -0.985 0 0.985 -0.174 0 0 0 1 3956.DAT
0 STEP
1 7 -292.254 110.093 -9 0.174 0 -0.985 -0.985 0 -0.174 0 1 0 3020.DAT
1 7 -276.594 21.443 -9 -0.985 0 -0.174 -0.174 0 0.985 0 1 0 3023.DAT
1 7 -288.774 90.393 -17 -0.985 0 -0.174 -0.174 0 0.985 0 1 0 3022.DAT
1 7 -276.594 21.443 -17 -0.985 0 -0.174 -0.174 0 0.985 0 1 0 3069.DAT
1 7 -262.114 54.473 11 0.174 0.985 0 -0.985 0.174 0 0 0 1 3956.DAT
1 7 -287.034 80.543 -41 -0.985 0 -0.174 -0.174 0 0.985 0 1 0 3298.DAT
1 7 -288.774 90.393 -49 0.985 0 0.174 0.174 0 -0.985 0 1 0 3068.DAT
1 7 -293.994 119.943 -33 -0.985 0 -0.174 -0.174 0 0.985 0 1 0 3937.DAT
1 7 -293.472 116.988 -33 -0.985 -0.06 -0.164 -0.174 0.337 0.926 0 0.94 -0.342 6134.DAT
1 7 -298.518 145.553 -68 -0.985 -0.06 -0.164 -0.174 0.337 0.926 0 0.94 -0.342 3298.DAT
1 0 -299.214 149.493 9 0.174 0 -0.985 -0.985 0 -0.174 0 1 0 4459.DAT
1 7 -348.694 130.595 19 0 -0.985 0.174 0 -0.174 -0.985 1 0 0 4855.DAT
1 7 -345.214 110.895 19 0 -0.985 -0.174 0 -0.174 0.985 -1 0 0 4855.DAT
1 0 -316.354 85.521 19 0 -0.985 -0.174 0 -0.174 0.985 -1 0 0 2626.DAT
1 0 -347.774 171.387 19 0 -0.985 0.174 0 -0.174 -0.985 1 0 0 2419.DAT
1 0 -315.434 126.313 -11 -0.174 -0.985 0 0.985 -0.174 0 0 0 1 3069.DAT
1 0 -315.434 126.313 49 -0.174 -0.985 0 0.985 -0.174 0 0 0 1 3069.DAT
1 0 -339.894 172.779 19 0.174 -0.985 0 -0.985 -0.174 0 0 0 -1 3021.DAT
1 0 -330.274 164.321 19 0 -0.985 0.174 0 -0.174 -0.985 1 0 0 3068.DAT
1 7 -246.254 148.691 11 0 0.985 0.174 0 0.174 -0.985 -1 0 0 4855.DAT
1 7 -242.774 128.991 11 0 0.985 -0.174 0 0.174 0.985 1 0 0 4855.DAT
1 0 -261.194 95.265 11 0 0.985 -0.174 0 0.174 0.985 1 0 0 2626.DAT
1 0 -261.094 186.699 11 0 0.985 0.174 0 0.174 -0.985 -1 0 0 2419.DAT
1 0 -276.034 133.273 41 -0.174 0.985 0 0.985 0.174 0 0 0 -1 3069.DAT
1 0 -276.034 133.273 -19 -0.174 0.985 0 0.985 0.174 0 0 0 -1 3069.DAT
1 0 -268.974 185.307 11 0.174 0.985 0 -0.985 0.174 0 0 0 1 3021.DAT
1 0 -275.114 174.065 11 0 0.985 0.174 0 0.174 -0.985 -1 0 0 3068.DAT
0 Inlined: 1 0 -132.952 -44.568 47 0.985 0 0.174 0.174 0 -0.985 0 1 0 ronin_rtthigh.dat
1 7 -270.852 -68.928 31 -0.174 0 0.985 0.985 0 0.174 0 1 0 3666.DAT
1 7 -239.562 -73.558 31 0.985 0 0.174 0.174 0 -0.985 0 1 0 3747.DAT
1 7 -264.482 -47.488 23 -0.174 0 0.985 0.985 0 0.174 0 1 0 3020.DAT
1 7 -263.892 -108.328 23 -0.174 0 0.985 0.985 0 0.174 0 1 0 3023.DAT
1 7 -231.452 -61.968 23 0.174 0 -0.985 -0.985 0 -0.174 0 1 0 3069.DAT
1 8 -277.812 -29.528 -1 -0.174 0 0.985 0.985 0 0.174 0 1 0 30364.DAT
1 8 -258.112 -26.048 -1 -0.174 0 0.985 0.985 0 0.174 0 1 0 30364.DAT
1 7 -267.372 -88.628 -1 -0.174 0 0.985 0.985 0 0.174 0 1 0 3010.DAT
1 0 -203.052 -107.738 11 -0.985 -0.174 0 -0.174 0.985 0 0 0 -1 32173.DAT
1 7 -229.712 -71.818 0 0 0.174 -0.985 0 -0.985 -0.174 -1 0 0 3673.DAT
1 7 -233.192 -52.118 0 0 0.174 -0.985 0 -0.985 -0.174 -1 0 0 3673.DAT
1 7 -274.332 -49.228 -25 0.174 0 -0.985 -0.985 0 -0.174 0 1 0 3010.DAT
1 7 -255.782 -96.738 -25 -0.985 0 -0.174 -0.174 0 0.985 0 1 0 3039.DAT
1 7 -244.782 -44.008 -25 0.174 0 -0.985 -0.985 0 -0.174 0 1 0 3001.DAT
1 7 -277.222 -90.368 -5 -0.174 -0.985 0 0.985 -0.174 0 0 0 1 3956.DAT
1 7 -254.632 -45.748 -33 0.985 0 0.174 0.174 0 -0.985 0 1 0 3021.DAT
1 7 -274.922 11.612 -25 0.985 0 0.174 0.174 0 -0.985 0 1 0 3022.DAT
1 7 -291.142 -11.568 -5 -0.174 -0.985 0 0.985 -0.174 0 0 0 1 3956.DAT
1 7 -276.662 21.462 -33 0.985 0 0.174 0.174 0 -0.985 0 1 0 3069.DAT
1 7 -291.142 -11.568 25 0.174 -0.985 0 -0.985 -0.174 0 0 0 -1 3069.DAT
1 7 -299.022 -12.96 5 0 -0.985 0.174 0 -0.174 -0.985 1 0 0 3021.DAT
1 7 -266.222 -37.638 -57 0.985 0 0.174 0.174 0 -0.985 0 1 0 3298.DAT
0 Inlined: 1 0 -53.338 -100.913 22.581 0.996 0 -0.087 0 1 0 0.087 0 0.996 ronin_sole.dat
0 Inlined: 1 7 -27.328 51.087 -45.399 -.996 0 .087 0 1 0 -.087 0 -.996 ronin_toe.dat
1 4 -57.208 211.087 -48.009 -0.087 0 -0.996 0 1 0 0.996 0 -0.087 3020.DAT
1 7 -57.208 203.087 -48.009 -0.087 0 -0.996 0 1 0 0.996 0 -0.087 3020.DAT
0 STEP
1 7 -59.818 179.087 -18.129 -0.996 0 0.087 0 1 0 -0.087 0 -0.996 3700.DAT
0 STEP
1 7 -58.078 179.087 -38.049 0.996 0 -0.087 0 1 0 0.087 0 0.996 3298.DAT
1 0 -60.688 189.087 -8.169 -0.087 0 -0.996 0 1 0 0.996 0 -0.087 4459.DAT
1 7 -59.818 155.087 -18.129 0.996 0 -0.087 0 1 0 0.087 0 0.996 3039.DAT
0 Inlined: 1 7 -56.818 163.087 62.421 .996 0 -.087 0 1 0 .087 0 .996 ronin_heel.dat
0 Ronin Heel
0 Name: ronin_heel.dat
0 Author: Ben Vaughan
0 Unofficial Model
1 4 -66.778 211.087 61.551 -0.087 0 -0.996 0 1 0 0.996 0 -0.087 3021.DAT
1 7 -66.778 203.087 61.551 -0.087 0 -0.996 0 1 0 0.996 0 -0.087 3021.DAT
0 STEP
1 7 -65.038 179.087 41.631 0.996 0 -0.087 0 1 0 0.087 0 0.996 3700.DAT
0 STEP
1 0 -64.168 189.087 31.671 0.087 0 0.996 0 1 0 -0.996 0 0.087 4459.DAT
0 STEP
1 7 -66.778 179.087 61.551 -0.996 0 0.087 0 1 0 -0.087 0 -0.996 3039.DAT
1 7 -65.038 155.087 41.631 -0.996 0 0.087 0 1 0 -0.087 0 -0.996 3039.DAT
0 STEP
0 Inlined: 1 0 -71.649 144.71 1.165 0.087 -0.173 -0.981 0 -0.985 0.174 -0.996 -0.015 -0.086 ronin_ankle.dat
0 Ronin Ankle
0 Name: ronin_ankle.dat
0 Author: Ben Vaughan
0 Unofficial Model
1 7 -66.983 176.23 11.605 0.087 -0.173 -0.981 0 -0.985 0.174 -0.996 -0.015 -0.086 3003.DAT
0 STEP
1 0 -63.701 199.87 21.925 -0.981 -0.173 -0.087 0.174 -0.985 0 -0.086 -0.015 0.996 3700.DAT
1 0 -61.961 199.87 2.005 -0.981 -0.173 -0.087 0.174 -0.985 0 -0.086 -0.015 0.996 3700.DAT
0 STEP
1 7 -61.447 207.75 12.085 0.087 -0.173 -0.981 0 -0.985 0.174 -0.996 -0.015 -0.086 3022.DAT
0 STEP
0 Inlined: 1 0 14.174 86.735 17 0.985 0.174 0 -0.174 0.985 0 0 0 1 ronin_lftshin.dat
0 Ronin Left Shin
0 Name: ronin_lftshin.dat
0 Author: Ben Vaughan
0 Unofficial Model
1 7 -66.124 149.675 79 0.985 0 -0.174 -0.174 0 -0.985 0 1 0 3022.DAT
1 7 -74.824 100.425 79 -0.174 0 -0.985 -0.985 0 0.174 0 1 0 3021.DAT
0 STEP
1 7 -71.344 120.125 55 0.985 0 -0.174 -0.174 0 -0.985 0 1 0 3298.DAT
1 7 -74.824 100.425 55 0.985 0 -0.174 -0.174 0 -0.985 0 1 0 3065.DAT
1 7 -78.304 80.725 55 -0.985 0 0.174 0.174 0 0.985 0 1 0 3660.DAT
0 STEP
1 7 -81.784 61.025 31 -0.985 0 0.174 0.174 0 0.985 0 1 0 3747.DAT
1 7 -73.084 110.275 31 0.174 0 0.985 0.985 0 -0.174 0 1 0 3001.DAT
0 STEP
1 7 -80.044 70.875 23 0.174 0 0.985 0.985 0 -0.174 0 1 0 3795.DAT
1 7 -76.564 90.575 15 -0.174 0 -0.985 -0.985 0 0.174 0 1 0 3020.DAT
0 STEP
1 7 -76.564 90.575 7 -0.174 0 -0.985 -0.985 0 0.174 0 1 0 3020.DAT
0 STEP
1 7 -78.304 80.725 -1 -0.174 0 -0.985 -0.985 0 0.174 0 1 0 3021.DAT
1 0 -69.604 129.975 -1 0.174 0 0.985 0.985 0 -0.174 0 1 0 2444.DAT
0 STEP
1 7 -96.854 33.215 -1 -0.174 0 -0.985 -0.985 0 0.174 0 1 0 30365.DAT
1 7 -77.154 29.735 -1 -0.174 0 -0.985 -0.985 0 0.174 0 1 0 30365.DAT
0 STEP
1 7 -63.824 47.695 19 -0.174 0.985 0 -0.985 -0.174 0 0 0 1 3956.DAT
0 STEP
1 7 -73.084 110.275 -9 -0.174 0 -0.985 -0.985 0 0.174 0 1 0 3020.DAT
0 STEP
1 7 -88.744 21.625 -9 -0.985 0 0.174 0.174 0 0.985 0 1 0 3023.DAT
1 7 -76.564 90.575 -17 -0.985 0 0.174 0.174 0 0.985 0 1 0 3022.DAT
0 STEP
1 7 -88.744 21.625 -17 -0.985 0 0.174 0.174 0 0.985 0 1 0 3069.DAT
1 7 -103.224 54.655 11 0.174 -0.985 0 0.985 0.174 0 0 0 1 3956.DAT
0 STEP
1 7 -78.304 80.725 -41 -0.985 0 0.174 0.174 0 0.985 0 1 0 3298.DAT
1 7 -76.564 90.575 -49 0.985 0 -0.174 -0.174 0 -0.985 0 1 0 3068.DAT
0 STEP
1 7 -71.344 120.125 -33 -0.985 0 0.174 0.174 0 0.985 0 1 0 3937.DAT
1 7 -71.866 117.17 -33 -0.985 0.06 0.164 0.174 0.337 0.926 0 0.94 -0.342 6134.DAT
0 STEP
1 7 -66.82 145.735 -68 -0.985 0.06 0.164 0.174 0.337 0.926 0 0.94 -0.342 3298.DAT
1 0 -66.124 149.675 9 -0.174 0 -0.985 -0.985 0 0.174 0 1 0 4459.DAT
0 STEP
1 7 -120.069 149.047 11 0 -0.985 -0.174 0 0.174 -0.985 1 0 0 4855.DAT
1 7 -123.549 129.347 11 0 -0.985 0.174 0 0.174 0.985 -1 0 0 4855.DAT
0 STEP
1 0 -105.129 95.621 11 0 -0.985 0.174 0 0.174 0.985 -1 0 0 2626.DAT
1 0 -105.229 187.055 11 0 -0.985 -0.174 0 0.174 -0.985 1 0 0 2419.DAT
0 STEP
1 0 -90.289 133.629 -19 0.174 -0.985 0 0.985 0.174 0 0 0 1 3069.DAT
1 0 -90.289 133.629 41 0.174 -0.985 0 0.985 0.174 0 0 0 1 3069.DAT
0 STEP
1 0 -97.349 185.663 11 -0.174 -0.985 0 -0.985 0.174 0 0 0 -1 3021.DAT
1 0 -91.209 174.421 11 0 -0.985 -0.174 0 0.174 -0.985 1 0 0 3068.DAT
0 STEP
1 7 -16.644 130.777 19 0 0.985 -0.174 0 -0.174 -0.985 -1 0 0 4855.DAT
1 7 -20.124 111.077 19 0 0.985 0.174 0 -0.174 0.985 1 0 0 4855.DAT
0 STEP
1 0 -48.984 85.703 19 0 0.985 0.174 0 -0.174 0.985 1 0 0 2626.DAT
1 0 -17.564 171.569 19 0 0.985 -0.174 0 -0.174 -0.985 -1 0 0 2419.DAT
0 STEP
1 0 -49.904 126.495 49 0.174 0.985 0 0.985 -0.174 0 0 0 -1 3069.DAT
1 0 -49.904 126.495 -11 0.174 0.985 0 0.985 -0.174 0 0 0 -1 3069.DAT
0 STEP
1 0 -25.444 172.961 19 -0.174 0.985 0 -0.985 -0.174 0 0 0 1 3021.DAT
1 0 -35.064 164.503 19 0 0.985 -0.174 0 -0.174 -0.985 -1 0 0 3068.DAT
0 STEP
0 Inlined: 1 0 43.395 -93.071 47 0.985 0 -0.174 -0.174 0 -0.985 0 1 0 ronin_lfthigh.dat
0 Ronin Left Thigh
0 Name: ronin_lfthigh.dat
0 Author: Ben Vaughan
0 Unofficial Model
1 7 -94.505 -68.711 31 0.174 0 0.985 0.985 0 -0.174 0 1 0 3666.DAT
1 7 -125.795 -73.341 31 0.985 0 -0.174 -0.174 0 -0.985 0 1 0 3747.DAT
1 7 -100.875 -47.271 23 0.174 0 0.985 0.985 0 -0.174 0 1 0 3020.DAT
1 7 -101.465 -108.111 23 0.174 0 0.985 0.985 0 -0.174 0 1 0 3023.DAT
1 7 -133.905 -61.751 23 -0.174 0 -0.985 -0.985 0 0.174 0 1 0 3069.DAT
1 8 -87.545 -29.311 -1 0.174 0 0.985 0.985 0 -0.174 0 1 0 30364.DAT
1 8 -107.245 -25.831 -1 0.174 0 0.985 0.985 0 -0.174 0 1 0 30364.DAT
1 7 -97.985 -88.411 -1 0.174 0 0.985 0.985 0 -0.174 0 1 0 3010.DAT
1 0 -162.305 -107.521 11 0.985 0.174 0 -0.174 0.985 0 0 0 1 32173.DAT
1 7 -135.645 -71.601 0 0 -0.174 -0.985 0 -0.985 0.174 -1 0 0 3673.DAT
1 7 -132.165 -51.901 0 0 -0.174 -0.985 0 -0.985 0.174 -1 0 0 3673.DAT
1 7 -91.025 -49.011 -25 -0.174 0 -0.985 -0.985 0 0.174 0 1 0 3010.DAT
1 7 -109.575 -96.521 -25 -0.985 0 0.174 0.174 0 0.985 0 1 0 3039.DAT
1 7 -120.575 -43.791 -25 -0.174 0 -0.985 -0.985 0 0.174 0 1 0 3001.DAT
1 7 -88.135 -90.151 -5 -0.174 0.985 0 -0.985 -0.174 0 0 0 1 3956.DAT
1 7 -110.725 -45.531 -33 0.985 0 -0.174 -0.174 0 -0.985 0 1 0 3021.DAT
1 7 -90.435 11.829 -25 0.985 0 -0.174 -0.174 0 -0.985 0 1 0 3022.DAT
1 7 -74.215 -11.351 -5 -0.174 0.985 0 -0.985 -0.174 0 0 0 1 3956.DAT
1 7 -88.695 21.679 -33 0.985 0 -0.174 -0.174 0 -0.985 0 1 0 3069.DAT
1 7 -74.215 -11.351 25 0.174 0.985 0 0.985 -0.174 0 0 0 -1 3069.DAT
1 7 -66.335 -12.743 5 0 0.985 -0.174 0 -0.174 -0.985 -1 0 0 3021.DAT
1 7 -99.135 -37.421 -57 0.985 0 -0.174 -0.174 0 -0.985 0 1 0 3298.DAT
0 Inlined: 1 0 -112 -59 0 1 0 0 0 1 0 0 0 1 ronin_waist.dat
1 7 -182 -91 0 0 0 -1 0 1 0 1 0 0 3020.DAT
0 STEP
1 7 -182 -115 30 1 0 0 0 1 0 0 0 1 3010.DAT
1 7 -182 -139 30 1 0 0 0 1 0 0 0 1 3701.DAT
0 STEP
1 0 -182 -129 40 0 0 -1 0 1 0 1 0 0 4459.DAT
0 STEP
1 7 -182 -131 68 -1 0 0 0 0 -1 0 -1 0 4286.DAT
0 STEP
1 7 -202 -129 18 0 0 1 0 1 0 -1 0 0 3749.DAT
1 7 -162 -129 18 0 0 1 0 1 0 -1 0 0 3749.DAT
0 STEP
1 7 -202 -139 0 0 0 1 0 -1 0 1 0 0 balljoint.dat
1 0 -182 -147 0 1 0 0 0 1 0 0 0 1 4519.DAT
1 7 -182 -147 0 0 0 -1 0 1 0 1 0 0 3713.DAT
1 7 -162 -139 0 0 0 1 0 -1 0 1 0 0 balljoint.dat
0 STEP
1 7 -202 -129 -20 0 0 -1 0 1 0 1 0 0 3749.DAT
1 7 -162 -129 -20 0 0 -1 0 1 0 1 0 0 3749.DAT
0 STEP
1 7 -172 -115 -30 0 0 -1 0 1 0 1 0 0 3665.DAT
1 7 -192 -115 -30 0 0 1 0 1 0 -1 0 0 3665.DAT
0 STEP
1 7 -182 -139 -30 1 0 0 0 1 0 0 0 1 3701.DAT
0 STEP
1 0 -182 -129 -40 0 0 -1 0 1 0 1 0 0 4459.DAT
0 STEP
1 7 -182 -131 -68 1 0 0 0 0 -1 0 1 0 4286.DAT
0 STEP
1 0 -242 -139 -30 1 0 0 0 1 0 0 0 1 2540.DAT
1 0 -122 -139 -30 1 0 0 0 1 0 0 0 1 2540.DAT
1 0 -242 -139 30 -1 0 0 0 1 0 0 0 -1 2540.DAT
1 0 -122 -139 30 -1 0 0 0 1 0 0 0 -1 2540.DAT
1 0 -252 -147 0 0 0 1 0 1 0 -1 0 0 2540.DAT
1 0 -112 -147 0 0 0 -1 0 1 0 1 0 0 2540.DAT
0 STEP
1 0 -182 -147 -30 1 0 0 0 1 0 0 0 1 3460.DAT
1 0 -182 -147 30 1 0 0 0 1 0 0 0 1 3460.DAT
0 STEP
1 7 -252 -155 0 0 0 -1 0 1 0 1 0 0 3710.DAT
1 7 -112 -155 0 0 0 1 0 1 0 -1 0 0 3710.DAT
0 STEP
1 7 -182 -155 30 1 0 0 0 1 0 0 0 1 3666.DAT
1 7 -182 -155 -30 1 0 0 0 1 0 0 0 1 3666.DAT
0 STEP
1 7 -242 -163 0 0 0 1 0 1 0 -1 0 0 3020.DAT
1 7 -122 -163 0 0 0 1 0 1 0 -1 0 0 3020.DAT
1 0 -242 -116.455 -54.325 1 0 0 0 -0.208 0.978 0 -0.978 -0.208 30034.DAT
1 0 -122 -116.455 -53.325 1 0 0 0 -0.208 0.978 0 -0.978 -0.208 30034.DAT
1 0 -122 -116.47 54.966 -1 0 0 0 -0.309 0.951 0 0.951 0.309 30034.DAT
1 0 -242 -116.47 54.966 -1 0 0 0 -0.309 0.951 0 0.951 0.309 30034.DAT
1 0 -280.781 -125.075 0.5 0 -0.866 -0.5 0 -0.5 0.866 -1 0 0 30034.DAT
1 0 -82.219 -125.075 0.5 0 0.866 0.5 0 -0.5 0.866 1 0 0 30034.DAT
1 7 -182 -163 -30 1 0 0 0 1 0 0 0 1 3710.DAT
1 7 -182 -163 30 1 0 0 0 1 0 0 0 1 3710.DAT
1 0 -182 -187 0 1 0 0 0 1 0 0 0 1 3403.DAT
1 0 -181.799 -187 0.895 0.966 0 -0.259 0 1 0 0.259 0 0.966 3404.DAT
0 Inlined: 1 0 -29.58 -179 50.999 0.966 0 -0.259 0 1 0 0.259 0 0.966 r_torso.dat
0 Ronin Torso Assembly
0 Name: r_torso.dat
0 Author: Ben Vaughan
0 Unofficial Model
1 7 -242.1 -179 -5.981 0.966 0 -0.259 0 1 0 0.259 0 0.966 3023.DAT
1 7 -133.25 -179 12.849 0.259 0 0.966 0 1 0 -0.966 0 0.259 3023.DAT
1 7 -133.25 -187 12.849 0.259 0 0.966 0 1 0 -0.966 0 0.259 3710.DAT
1 7 -229.85 -187 -13.051 0.259 0 0.966 0 1 0 -0.966 0 0.259 3710.DAT
1 7 -181.55 -195 -0.101 0.966 0 -0.259 0 1 0 0.259 0 0.966 3032.DAT
1 7 -251.76 -187 -8.571 0.259 0 0.966 0 1 0 -0.966 0 0.259 4081.DAT
1 7 -249.17 -195 -18.231 0.259 0 0.966 0 1 0 -0.966 0 0.259 3023.DAT
1 7 -263.828 -185 -40.799 0.966 -0.259 0 0 0 -1 0.259 0.966 0 3062B.DAT
1 7 -257.612 -185 -63.983 0.966 -0.259 0 0 0 -1 0.259 0.966 0 3062B.DAT
1 7 -278.332 -185 13.297 0.966 0.259 0 0 0 1 0.259 -0.966 0 3062B.DAT
1 7 -258.83 -219 -20.821 -0.259 0 -0.966 0 1 0 0.966 0 -0.259 3001.DAT
1 7 -251.06 -243 -49.801 0.966 0 -0.259 0 1 0 0.259 0 0.966 3660.DAT
1 7 -271.78 -243 27.479 -0.966 0 0.259 0 1 0 -0.259 0 -0.966 3660.DAT
1 7 -261.42 -243 -11.161 0.259 0 0.966 0 1 0 -0.966 0 0.259 3002.DAT
1 7 -173.78 -219 -29.081 0.966 0 -0.259 0 1 0 0.259 0 0.966 3660.DAT
1 7 -168.6 -243 -48.401 0.966 0 -0.259 0 1 0 0.259 0 0.966 3660.DAT
1 0 -144.8 -267 -21.311 0.966 0 -0.259 0 1 0 0.259 0 0.966 2449.DAT
1 0 -222.08 -267 -42.031 0.966 0 -0.259 0 1 0 0.259 0 0.966 2449.DAT
1 0 -202.76 -267 -36.851 0.966 0 -0.259 0 1 0 0.259 0 0.966 2449.DAT
1 0 -125.48 -267 -16.131 0.966 0 -0.259 0 1 0 0.259 0 0.966 2449.DAT
1 7 -135.84 -219 22.509 0.259 0 0.966 0 1 0 -0.966 0 0.259 3622.DAT
1 7 -232.44 -219 -3.391 0.259 0 0.966 0 1 0 -0.966 0 0.259 3622.DAT
1 7 -229.85 -243 -13.051 0.259 0 0.966 0 1 0 -0.966 0 0.259 3004.DAT
1 7 -133.25 -243 12.849 0.259 0 0.966 0 1 0 -0.966 0 0.259 3004.DAT
1 7 -208.64 -219 23.699 -0.966 0 0.259 0 1 0 -0.259 0 -0.966 3660.DAT
1 7 -170 -219 34.059 -0.966 0 0.259 0 1 0 -0.259 0 -0.966 3660.DAT
1 7 -194.5 -243 48.199 -0.966 0 0.259 0 1 0 -0.259 0 -0.966 3010P04.DAT
1 7 -189.32 -243 28.879 0.966 0 -0.259 0 1 0 0.259 0 0.966 3009.DAT
1 7 -194.5 -267 48.199 0.966 0 -0.259 0 1 0 0.259 0 0.966 3010.DAT
1 7 -276.96 -267 46.799 0.966 0 -0.259 0 1 0 0.259 0 0.966 3004.DAT
1 7 -273.67 -267 -4.091 -0.259 0 -0.966 0 1 0 0.966 0 -0.259 3010.DAT
1 7 -244.69 -267 3.679 -0.259 0 -0.966 0 1 0 0.966 0 -0.259 3001.DAT
1 7 -260.72 -267 -52.391 0.966 0 -0.259 0 1 0 0.259 0 0.966 4070.DAT
1 7 -241.4 -267 -47.211 0.966 0 -0.259 0 1 0 0.259 0 0.966 4070.DAT
1 7 -264.01 -275 -1.501 -0.259 0 -0.966 0 1 0 0.966 0 -0.259 3795.DAT
1 7 -265.9 -299 -33.071 0.966 0 -0.259 0 1 0 0.259 0 0.966 3040.DAT
1 7 -273.67 -299 -4.091 0.259 0 0.966 0 1 0 -0.966 0 0.259 3700.DAT
1 0 -246.58 -299 -27.891 -0.966 0 0.259 0 1 0 -0.259 0 -0.966 4070.DAT
1 0 -283.33 -289 -6.681 0.966 0 -0.259 0 1 0 0.259 0 0.966 4459.DAT
1 0 -251.452 -288 1.866 0 -0.966 -0.259 1 0 0 0 -0.259 0.966 3959.DAT
1 7 -104.27 -219 20.619 -0.259 0 -0.966 0 1 0 0.966 0 -0.259 3001.DAT
1 7 -96.5 -243 -8.361 0.966 0 -0.259 0 1 0 0.259 0 0.966 3660.DAT
1 7 -106.86 -243 30.279 0.259 0 0.966 0 1 0 -0.966 0 0.259 3002.DAT
1 7 -117.22 -243 68.919 -0.966 0 0.259 0 1 0 -0.259 0 -0.966 3660.DAT
1 7 -122.4 -267 88.239 0.966 0 -0.259 0 1 0 0.259 0 0.966 3004.DAT
1 7 -128.77 -267 34.759 -0.259 0 -0.966 0 1 0 0.966 0 -0.259 3001.DAT
1 7 -99.79 -267 42.529 -0.259 0 -0.966 0 1 0 0.966 0 -0.259 3010.DAT
1 7 -106.16 -267 -10.951 0.966 0 -0.259 0 1 0 0.259 0 0.966 4070.DAT
1 7 -86.84 -267 -5.771 0.966 0 -0.259 0 1 0 0.259 0 0.966 4070.DAT
1 7 -109.45 -275 39.939 -0.259 0 -0.966 0 1 0 0.966 0 -0.259 3795.DAT
1 7 -194.5 -275 48.199 0.966 0 -0.259 0 1 0 0.259 0 0.966 3666.DAT
1 0 -194.5 -283 48.199 0.966 0 -0.259 0 1 0 0.259 0 0.966 4477.DAT
1 0 -111.34 -299 8.369 -0.966 0 0.259 0 1 0 -0.259 0 -0.966 4070.DAT
1 0 -119.11 -289 37.349 0 0.966 -0.259 -1 0 0 0 0.259 0.966 3959.DAT
1 7 -92.02 -299 13.549 0.966 0 -0.259 0 1 0 0.259 0 0.966 3040.DAT
1 7 -99.79 -299 42.529 -0.259 0 -0.966 0 1 0 0.966 0 -0.259 3700.DAT
1 0 -90.13 -289 45.119 -0.966 0 0.259 0 1 0 -0.259 0 -0.966 4459.DAT
1 7 -232.44 -291 -3.391 -0.259 0 -0.966 0 1 0 0.966 0 -0.259 3622.DAT
1 7 -194.5 -291 48.199 0.966 0 -0.259 0 1 0 0.259 0 0.966 3666.DAT
1 0 -212.42 -291 -39.441 0.966 0 -0.259 0 1 0 0.259 0 0.966 3039.DAT
1 7 -166.01 -267 -58.061 0.966 0 -0.259 0 1 0 0.259 0 0.966 3003.DAT
1 7 -168.6 -291 -48.401 0.966 0 -0.259 0 1 0 0.259 0 0.966 3039.DAT
1 0 -135.14 -291 -18.721 0.966 0 -0.259 0 1 0 0.259 0 0.966 3039.DAT
1 7 -135.84 -291 22.509 0.259 0 0.966 0 1 0 -0.966 0 0.259 3622.DAT
1 0 -227.26 -299 -22.711 -0.259 0 -0.966 0 1 0 0.966 0 -0.259 3623.DAT
1 0 -130.66 -299 3.189 -0.259 0 -0.966 0 1 0 0.966 0 -0.259 3623.DAT
1 0 -183.44 -299 -31.671 -0.966 0 0.259 0 1 0 -0.259 0 -0.966 2420.DAT
1 0 -164.12 -299 -26.491 0.259 0 0.966 0 1 0 -0.966 0 0.259 2420.DAT
1 7 -199.68 -275 67.519 0.966 0 -0.259 0 1 0 0.259 0 0.966 3894.DAT
1 7 -199.68 -299 67.519 0.966 0 -0.259 0 1 0 0.259 0 0.966 2730.DAT
1 0 -199.68 -307 67.519 0.966 0 -0.259 0 1 0 0.259 0 0.966 4477.DAT
1 0 -240.91 -289 66.819 -0.259 0 -0.966 0 1 0 0.966 0 -0.259 4459.DAT
1 0 -163.63 -289 87.539 -0.259 0 -0.966 0 1 0 0.966 0 -0.259 4459.DAT
1 0 -175.803 -289 132.941 0.966 0.259 0 0 0 1 0.259 -0.966 0 6233.DAT
1 0 -253.083 -289 112.221 0.966 0.259 0 0 0 1 0.259 -0.966 0 6233.DAT
1 7 -191.91 -299 38.539 0.966 0 -0.259 0 1 0 0.259 0 0.966 3795.DAT
1 7 -181.55 -307 -0.101 0.966 0 -0.259 0 1 0 0.259 0 0.966 3795.DAT
1 7 -220.19 -315 -10.461 0.966 0 -0.259 0 1 0 0.259 0 0.966 3068.DAT
1 7 -142.91 -315 10.259 0.966 0 -0.259 0 1 0 0.259 0 0.966 3068.DAT
1 7 -181.55 -315 -0.101 0.966 0 -0.259 0 1 0 0.259 0 0.966 3680.DAT
1 7 -181.55 -315 -0.101 0.966 0 -0.259 0 1 0 0.259 0 0.966 3679.DAT
1 7 -264.01 -307 -1.501 -0.259 0 -0.966 0 1 0 0.966 0 -0.259 3020.DAT
1 7 -109.45 -307 39.939 -0.259 0 -0.966 0 1 0 0.966 0 -0.259 3020.DAT
1 7 -254.35 -315 1.089 -0.259 0 -0.966 0 1 0 0.966 0 -0.259 3666.DAT
1 7 -119.11 -315 37.349 -0.259 0 -0.966 0 1 0 0.966 0 -0.259 3666.DAT
1 7 -281.44 -315 24.889 -0.259 0 -0.966 0 1 0 0.966 0 -0.259 3623.DAT
1 7 -107.56 -315 71.509 -0.259 0 -0.966 0 1 0 0.966 0 -0.259 3623.DAT
1 7 -271.78 -339 27.479 0.966 0 -0.259 0 1 0 0.259 0 0.966 3039.DAT
1 7 -276.96 -339 46.799 0.966 0 -0.259 0 1 0 0.259 0 0.966 3700.DAT
1 7 -268.49 -315 -23.411 0.259 0 0.966 0 1 0 -0.966 0 0.259 4275.DAT
1 7 -94.61 -315 23.209 0.259 0 0.966 0 1 0 -0.966 0 0.259 4275.DAT
1 7 -117.22 -339 68.919 0.966 0 -0.259 0 1 0 0.259 0 0.966 3039.DAT
1 7 -122.4 -339 88.239 0.966 0 -0.259 0 1 0 0.259 0 0.966 3700.DAT
1 7 -119.81 -347 78.579 0.966 0 -0.259 0 1 0 0.259 0 0.966 3022.DAT
1 7 -274.37 -347 37.139 0.966 0 -0.259 0 1 0 0.259 0 0.966 3022.DAT
1 0 -280.068 -327 58.391 0 -0.966 -0.259 1 0 0 0 -0.259 0.966 6217.DAT
0 Inlined: 1 0 -285.586 -337.308 78.973 -.966 .212 -.149 0 -.574 -.819 -.259 -.791 .554 r_sensor.dat
0 Ronin Upper Sensor Module
0 Name: r_sensor.dat
0 Author: MLCad
0 Unofficial Model
1 0 -285.586 -337.308 78.973 -0.212 0.966 0.149 0.574 0 0.819 0.791 0.259 -0.554 6048.DAT
1 15 -291.844 -371.706 102.241 -0.966 0.149 0.212 0 0.819 -0.574 -0.259 -0.554 -0.791 71076.DAT
1 15 -297.804 -404.466 124.401 -0.966 0.149 0.212 0 0.819 -0.574 -0.259 -0.554 -0.791 71076.DAT
1 15 -303.764 -437.226 146.561 -0.966 0.149 0.212 0 0.819 -0.574 -0.259 -0.554 -0.791 71076.DAT
1 36 -304.956 -443.778 150.993 -0.966 0.149 0.212 0 0.819 -0.574 -0.259 -0.554 -0.791 298.DAT
0 Inlined: 1 0 -131.026 -337.308 120.413 -.966 .212 -.149 0 -.574 -.819 -.259 -.791 .554 r_sensor.dat
0 Ronin Upper Sensor Module
0 Name: r_sensor.dat
0 Author: MLCad
0 Unofficial Model
1 0 -131.026 -337.308 120.413 -0.212 0.966 0.149 0.574 0 0.819 0.791 0.259 -0.554 6048.DAT
1 15 -137.284 -371.706 143.681 -0.966 0.149 0.212 0 0.819 -0.574 -0.259 -0.554 -0.791 71076.DAT
1 15 -143.244 -404.466 165.841 -0.966 0.149 0.212 0 0.819 -0.574 -0.259 -0.554 -0.791 71076.DAT
1 15 -149.204 -437.226 188.001 -0.966 0.149 0.212 0 0.819 -0.574 -0.259 -0.554 -0.791 71076.DAT
1 36 -150.396 -443.778 192.433 -0.966 0.149 0.212 0 0.819 -0.574 -0.259 -0.554 -0.791 298.DAT
1 0 -125.508 -327 99.831 0 -0.966 -0.259 1 0 0 0 -0.259 0.966 6217.DAT
1 0 -281.034 -288 58.132 0 -0.966 -0.259 1 0 0 0 -0.259 0.966 6217.DAT
0 Inlined: 1 0 -285.428 -278.305 78.382 .966 .183 -.183 0 .707 .707 .259 -.683 .683 r_sensor2.dat
0 Ronin Lower Sensor Module
0 Name: r_sensor2.dat
0 Author: MLCad
0 Unofficial Model
1 0 -285.428 -278.305 78.382 -0.183 -0.966 0.183 -0.707 0 -0.707 0.683 -0.259 -0.683 6048.DAT
1 15 -293.114 -248.611 107.068 0.966 0.183 0.183 0 -0.707 0.707 0.259 -0.683 -0.683 71076.DAT
1 36 -294.578 -242.955 112.532 0.966 0.183 0.183 0 -0.707 0.707 0.259 -0.683 -0.683 298.DAT
1 0 -125.508 -287 99.831 0 -0.966 -0.259 1 0 0 0 -0.259 0.966 6217.DAT
0 Inlined: 1 0 -131.127 -278.305 120.788 .966 .183 -.183 0 .707 .707 .259 -.683 .683 r_sensor2.dat
0 Ronin Lower Sensor Module
0 Name: r_sensor2.dat
0 Author: MLCad
0 Unofficial Model
1 0 -131.127 -278.305 120.788 -0.183 -0.966 0.183 -0.707 0 -0.707 0.683 -0.259 -0.683 6048.DAT
1 15 -138.813 -248.611 149.474 0.966 0.183 0.183 0 -0.707 0.707 0.259 -0.683 -0.683 71076.DAT
1 36 -140.277 -242.955 154.938 0.966 0.183 0.183 0 -0.707 0.707 0.259 -0.683 -0.683 298.DAT
0 STEP
1 36 -255.281 -185 -72.677 0.966 -0.259 0 0 0 -1 0.259 0.966 0 4073.DAT
1 36 -252.95 -257 -81.371 0.966 -0.259 0 0 0 -1 0.259 0.966 0 3062B.DAT
1 36 -233.63 -257 -76.191 0.966 -0.259 0 0 0 -1 0.259 0.966 0 4589.DAT
1 36 -243.99 -289 -37.551 -0.966 0.259 0 0 0 -1 -0.259 -0.966 0 3062B.DAT
1 36 -79.07 -257 -34.751 0.966 -0.259 0 0 0 -1 0.259 0.966 0 3062B.DAT
1 36 -98.39 -257 -39.931 0.966 -0.259 0 0 0 -1 0.259 0.966 0 4589.DAT
1 36 -108.75 -289 -1.291 0.966 0.259 0 0 0 1 0.259 -0.966 0 3062B.DAT
0 STEP
0 Inlined: 1 0 -189.045 -267 27.941 0.966 0 -0.259 0 1 0 0.259 0 0.966 r_rchest.dat
0 Ronin Right Chest Panel
0 Name: r_rchest.dat
0 Author: Ben Vaughan
0 Unofficial Model
1 0 -254.823 -290.53 -74.299 -0.167 -0.198 -0.966 -0.766 0.643 0 0.621 0.74 -0.259 4276.DAT
1 0 -232.007 -274.443 -82.158 0.167 -0.198 0.966 0.766 0.643 0 -0.621 0.74 0.259 4275.DAT
1 7 -248.163 -259.888 -99.136 0.167 -0.198 0.966 0.766 0.643 0 -0.621 0.74 0.259 3023.DAT
1 7 -241.578 -286.48 -85.08 -0.167 -0.198 -0.966 -0.766 0.643 0 0.621 0.74 -0.259 3021.DAT
1 7 -243.32 -306.943 -78.581 0.966 -0.198 -0.167 0 0.643 -0.766 0.259 0.74 0.621 3069.DAT
1 7 -263.201 -265.963 -81.67 0.167 -0.966 -0.198 0.766 0 0.643 -0.621 -0.259 0.74 3956.DAT
1 7 -236.738 -289.104 -103.129 0.966 -0.198 -0.167 0 0.643 -0.766 0.259 0.74 0.621 3068.DAT
1 0 -232.03 -222.219 -85.934 0.149 -0.212 -0.966 -0.819 -0.574 0 -0.554 0.791 -0.259 4276.DAT
1 7 -243.387 -226.808 -82.194 -0.966 -0.212 -0.149 0 -0.574 0.819 -0.259 0.791 0.554 3022.DAT
1 7 -246.47 -221.233 -109.316 0.966 -0.212 0.149 0 -0.574 -0.819 0.259 0.791 -0.554 3040.DAT
1 7 -228.847 -225.822 -97.805 -0.149 -0.212 0.966 0.819 -0.574 0 0.554 0.791 0.259 3623.DAT
0 Inlined: 1 0 -15.179 -267 74.528 0.966 0 -0.259 0 1 0 0.259 0 0.966 r_lchest.dat
0 Ronin Left Chest Panel
0 Name: r_lchest.dat
0 Author: Ben Vaughan
0 Unofficial Model
1 0 -80.957 -290.53 -27.712 -0.167 -0.198 -0.966 -0.766 0.643 0 0.621 0.74 -0.259 4276.DAT
1 0 -96.781 -274.443 -45.931 0.167 -0.198 0.966 0.766 0.643 0 -0.621 0.74 0.259 4275.DAT
1 7 -74.297 -259.888 -52.549 0.167 -0.198 0.966 0.766 0.643 0 -0.621 0.74 0.259 3023.DAT
1 7 -87.032 -286.48 -43.673 -0.167 -0.198 -0.966 -0.766 0.643 0 0.621 0.74 -0.259 3021.DAT
1 7 -88.774 -306.943 -37.174 0.966 -0.198 -0.167 0 0.643 -0.766 0.259 0.74 0.621 3069.DAT
1 7 -70.015 -265.963 -29.903 -0.167 0.966 -0.198 -0.766 0 0.643 0.621 0.259 0.74 3956.DAT
1 7 -82.192 -289.104 -61.722 0.966 -0.198 -0.167 0 0.643 -0.766 0.259 0.74 0.621 3068.DAT
1 0 -95.838 -222.219 -49.448 0.149 -0.212 -0.966 -0.819 -0.574 0 -0.554 0.791 -0.259 4276.DAT
1 7 -87.875 -226.808 -40.528 -0.966 -0.212 -0.149 0 -0.574 0.819 -0.259 0.791 0.554 3022.DAT
1 7 -71.638 -221.233 -62.47 0.966 -0.212 0.149 0 -0.574 -0.819 0.259 0.791 -0.554 3040.DAT
1 7 -92.655 -225.822 -61.319 -0.149 -0.212 0.966 0.819 -0.574 0 0.554 0.791 0.259 3623.DAT
0 Inlined: 1 0 -82.053 -276.2 53.646 0.966 -0.08 -0.246 0 0.951 -0.309 0.259 0.298 0.919 r_shoulder.dat
0 ronin shoulder
0 Name: r_shoulder.dat
0 Author: Ben Vaughan
0 Unofficial Model
1 7 -82.053 -276.2 53.646 0.246 -0.08 0.966 0.309 0.951 0 -0.919 0.298 0.259 3710.DAT
1 7 -77.853 -308.294 76.654 -0.966 -0.08 0.246 0 0.951 0.309 -0.259 0.298 -0.919 3660.DAT
1 7 -80.133 -299.024 46.494 0.246 -0.08 0.966 0.309 0.951 0 -0.919 0.298 0.259 3700.DAT
1 7 -63.093 -289.754 21.514 0.966 -0.08 -0.246 0 0.951 -0.309 0.259 0.298 0.919 3660.DAT
1 7 -75.933 -331.118 69.502 -0.966 -0.08 0.246 0 0.951 0.309 -0.259 0.298 -0.919 3039.DAT
1 8 -71.013 -324.938 51.122 0.966 -0.08 -0.246 0 0.951 -0.309 0.259 0.298 0.919 30364.DAT
1 8 -66.093 -318.758 32.742 0.966 -0.08 -0.246 0 0.951 -0.309 0.259 0.298 0.919 30364.DAT
1 7 -61.173 -312.578 14.362 0.966 -0.08 -0.246 0 0.951 -0.309 0.259 0.298 0.919 3039.DAT
1 0 -67.913 -329.456 39.548 -0.246 -0.08 -0.966 -0.309 0.951 0 0.919 0.298 -0.259 3020.DAT
1 7 -57.613 -337.064 39.754 -0.246 -0.08 -0.966 -0.309 0.951 0 0.919 0.298 -0.259 4315.DAT
0 Inlined: 1 0 -34.759 -255.614 73.242 -0.246 -0.915 -0.32 -0.309 0.387 -0.869 0.919 -0.115 -0.378 r_uparm.dat
0 Ronin upper arm
0 Author: Ben Vaughan
0 Name: r_uparm.dat
0 Unofficial Model
1 7 -34.759 -255.614 73.242 0.32 -0.915 -0.246 0.869 0.387 -0.309 0.378 -0.115 0.919 3021.DAT
1 7 -19.938 -287.874 55.491 -0.32 -0.915 0.246 -0.869 0.387 0.309 -0.378 -0.115 -0.919 30365.DAT
1 7 -24.858 -294.054 73.871 -0.32 -0.915 0.246 -0.869 0.387 0.309 -0.378 -0.115 -0.919 30365.DAT
1 7 -12.799 -264.902 76.002 -0.246 -0.915 -0.32 -0.309 0.387 -0.869 0.919 -0.115 -0.378 3004.DAT
1 7 -6.399 -247.522 83.562 -0.246 -0.915 -0.32 -0.309 0.387 -0.869 0.919 -0.115 -0.378 3700.DAT
1 7 -8.679 -276.688 73.142 -0.32 -0.915 0.246 -0.869 0.387 0.309 -0.378 -0.115 -0.919 3020.DAT
1 0 -11.721 -233.24 86.942 0.246 -0.915 0.32 0.309 0.387 0.869 -0.919 -0.115 0.378 6217.DAT
1 0 -3.548 -215.119 82.876 0.216 -0.915 -0.341 0.711 0.387 -0.588 0.669 -0.115 0.734 6048.DAT
0 Inlined: 1 0 -16.181 -193.683 64.197 0.216 -0.915 -0.341 0.711 0.387 -0.588 0.669 -0.115 0.734 r_l4arm.dat
0 Ronin Left Forearm
0 Name: r_l4arm.dat
0 Author: Ben Vaughan
0 Unofficial Model
1 7 -16.181 -193.683 64.197 0.341 -0.915 0.216 0.588 0.387 0.711 -0.734 -0.115 0.669 3020.DAT
1 7 -2.041 -185.019 50.437 -0.341 -0.915 -0.216 -0.588 0.387 -0.711 0.734 -0.115 -0.669 3020.DAT
1 7 30.149 -176.667 31.177 0.216 -0.915 -0.341 0.711 0.387 -0.588 0.669 -0.115 0.734 3700.DAT
1 7 9.689 -211.947 75.217 0.216 -0.915 -0.341 0.711 0.387 -0.588 0.669 -0.115 0.734 3700.DAT
1 7 19.919 -194.307 53.197 0.216 -0.915 -0.341 0.711 0.387 -0.588 0.669 -0.115 0.734 3003.DAT
1 7 27.239 -197.403 54.117 -0.341 -0.915 -0.216 -0.588 0.387 -0.711 0.734 -0.115 -0.669 3020.DAT
1 7 6.439 -187.203 79.877 -0.341 0.216 -0.915 -0.588 0.711 0.387 0.734 0.669 -0.115 3956.DAT
1 7 16.669 -169.563 57.857 0.915 0.216 -0.341 -0.387 0.711 -0.588 0.115 0.669 0.734 3069.DAT
1 7 -3.791 -204.843 101.897 -0.915 0.216 0.341 0.387 0.711 0.588 -0.115 0.669 -0.734 3069.DAT
1 7 18.397 -163.875 63.209 0.915 0.216 -0.341 -0.387 0.711 -0.588 0.115 0.669 0.734 3700.DAT
1 7 11.577 -175.635 77.889 -0.915 0.216 0.341 0.387 0.711 0.588 -0.115 0.669 -0.734 3747.DAT
1 0 19.83 -153.279 87.339 -0.341 0.216 -0.915 -0.588 0.711 0.387 0.734 0.669 -0.115 2654.DAT
1 7 23.967 -150.885 62.559 0.915 0.341 0.216 -0.387 0.588 0.711 0.115 -0.734 0.669 3062B.DAT
1 36 31.469 -137.949 46.411 0.216 0.341 -0.915 0.711 0.588 0.387 0.669 -0.734 -0.115 4073.DAT
0 Inlined: 1 0 33.441 -155.197 -7.646 0.915 0.341 0.216 -0.387 0.588 0.711 0.115 -0.734 0.669 r_hand.dat
0 Ronin Hand
0 Name: r_hand.dat
0 Author: Ben Vaughan
0 Unofficial Model
1 7 38.858 -142.98 -9.667 0.915 -0.216 0.341 -0.387 -0.711 0.588 0.115 -0.669 -0.734 972.DAT
1 7 34.487 -150.685 -0.826 0.915 0.341 0.216 -0.387 0.588 0.711 0.115 -0.734 0.669 970.DAT
1 7 38.858 -142.98 -9.667 0.915 -0.216 0.341 -0.387 -0.711 0.588 0.115 -0.669 -0.734 971.DAT
1 7 27.417 -162.199 16.66 0.915 0.341 0.216 -0.387 0.588 0.711 0.115 -0.734 0.669 3039.DAT
1 7 24.689 -166.903 22.532 0.915 0.341 0.216 -0.387 0.588 0.711 0.115 -0.734 0.669 3794.DAT
0 Inlined: 1 0 -288.323 -274 -28.683 -0.966 0 0.259 0 1 0 -0.259 0 -0.966 r_shoulder.dat
0 ronin shoulder
0 Name: r_shoulder.dat
0 Author: Ben Vaughan
0 Unofficial Model
1 7 -288.323 -274 -28.683 -0.259 0 -0.966 0 1 0 0.966 0 -0.259 3710.DAT
1 7 -290.213 -298 -60.253 0.966 0 -0.259 0 1 0 0.259 0 0.966 3660.DAT
1 7 -288.323 -298 -28.683 -0.259 0 -0.966 0 1 0 0.966 0 -0.259 3700.DAT
1 7 -305.753 -298 -2.293 -0.966 0 0.259 0 1 0 -0.259 0 -0.966 3660.DAT
1 7 -290.213 -322 -60.253 0.966 0 -0.259 0 1 0 0.259 0 0.966 3039.DAT
1 8 -295.393 -322 -40.933 -0.966 0 0.259 0 1 0 -0.259 0 -0.966 30364.DAT
1 8 -300.573 -322 -21.613 -0.966 0 0.259 0 1 0 -0.259 0 -0.966 30364.DAT
1 7 -305.753 -322 -2.293 -0.966 0 0.259 0 1 0 -0.259 0 -0.966 3039.DAT
1 0 -297.983 -330 -31.273 0.259 0 0.966 0 1 0 -0.966 0 0.259 3020.DAT
1 7 -307.643 -338 -33.863 0.259 0 0.966 0 1 0 -0.966 0 0.259 4315.DAT
0 Inlined: 1 0 -334.813 -252.321 -40.09 0.259 0.902 0.346 0 0.358 -0.934 -0.966 0.242 0.093 r_uparm.dat
0 Ronin upper arm
0 Author: Ben Vaughan
0 Name: r_uparm.dat
0 Unofficial Model
1 7 -334.813 -252.321 -40.09 -0.346 0.902 0.259 0.934 0.358 0 -0.093 0.242 -0.966 3021.DAT
1 7 -348.672 -288.919 -33.464 0.346 0.902 -0.259 -0.934 0.358 0 0.093 0.242 0.966 30365.DAT
1 7 -343.492 -288.919 -52.784 0.346 0.902 -0.259 -0.934 0.358 0 0.093 0.242 0.966 30365.DAT
1 7 -356.461 -260.913 -45.898 0.259 0.902 0.346 0 0.358 -0.934 -0.966 0.242 0.093 3004.DAT
1 7 -363.381 -242.233 -47.758 0.259 0.902 0.346 0 0.358 -0.934 -0.966 0.242 0.093 3700.DAT
1 7 -360.217 -273.117 -46.904 0.346 0.902 -0.259 -0.934 0.358 0 0.093 0.242 0.966 3020.DAT
1 0 -358.511 -227.464 -46.455 -0.259 0.902 -0.346 0 0.358 0.934 0.966 0.242 -0.093 6217.DAT
0 Inlined: 1 0 -331.52 -138.275 -194.625 0.902 -0.425 -0.081 0.358 0.839 -0.409 0.242 0.34 0.909 r_pistol.dat
0 Ronin Pistol
0 Name: r_pistol.dat
0 Author: Ben Vaughan
0 Unofficial Model
1 0 -328.12 -144.987 -197.345 0.081 -0.425 0.902 0.409 0.839 0.358 -0.909 0.34 0.242 3004.DAT
1 0 -317.92 -165.123 -205.505 0.081 -0.425 0.902 0.409 0.839 0.358 -0.909 0.34 0.242 3004.DAT
1 0 -315.33 -175.925 -199.135 0.081 -0.425 0.902 0.409 0.839 0.358 -0.909 0.34 0.242 3623.DAT
1 0 -303.51 -187.881 -225.475 0.902 -0.425 -0.081 0.358 0.839 -0.409 0.242 0.34 0.909 4070.DAT
1 0 -306.75 -204.241 -189.115 -0.902 -0.425 0.081 -0.358 0.839 0.409 -0.242 0.34 -0.909 4070.DAT
1 0 -305.13 -196.061 -207.295 0.902 -0.425 -0.081 0.358 0.839 -0.409 0.242 0.34 0.909 3005.DAT
1 0 -302.54 -206.863 -200.925 0.081 -0.425 0.902 0.409 0.839 0.358 -0.909 0.34 0.242 3710.DAT
1 0 -306.626 -173.765 -234.801 0.902 -0.081 0.425 0.358 -0.409 -0.839 0.242 0.909 -0.34 3024.DAT
1 0 -303.114 -197.997 -170.569 0.902 0.081 -0.425 0.358 0.409 0.839 0.242 -0.909 0.34 3023.DAT
1 0 -325.532 -179.679 -155.517 0.425 0.081 0.902 -0.839 0.409 0.358 -0.34 -0.909 0.242 3710.DAT
1 0 -314.726 -214.665 -143.901 -0.902 0.081 0.425 -0.358 0.409 -0.839 -0.242 -0.909 -0.34 3040.DAT
1 46 -294.742 -197.689 -160.877 0.902 0.081 -0.425 0.358 0.409 0.839 0.242 -0.909 0.34 4073.DAT
1 36 -295.39 -200.961 -153.605 0.902 0.081 -0.425 0.358 0.409 0.839 0.242 -0.909 0.34 4073.DAT
1 46 -296.038 -204.233 -146.333 0.902 0.081 -0.425 0.358 0.409 0.839 0.242 -0.909 0.34 4073.DAT
1 36 -296.686 -207.505 -139.061 0.902 0.081 -0.425 0.358 0.409 0.839 0.242 -0.909 0.34 4073.DAT
1 0 -306.354 -214.357 -134.209 0.902 0.081 -0.425 0.358 0.409 0.839 0.242 -0.909 0.34 3023.DAT
1 0 -307.002 -217.629 -126.937 0.902 0.081 -0.425 0.358 0.409 0.839 0.242 -0.909 0.34 3069.DAT
1 0 -306.59 -227.313 -155.475 0.902 -0.425 -0.081 0.358 0.839 -0.409 0.242 0.34 0.909 3024.DAT
1 0 -302.38 -229.935 -167.285 -0.081 -0.425 -0.902 -0.409 0.839 -0.358 0.909 0.34 -0.242 3069P68.DAT
1 0 -299.95 -217.665 -194.555 -0.081 -0.425 -0.902 -0.409 0.839 -0.358 0.909 0.34 -0.242 4081.DAT
1 0 -280.148 -198.623 -213.918 0.902 -0.081 0.425 0.358 -0.409 -0.839 0.242 0.909 -0.34 3005.DAT
1 0 -284.603 -221.118 -163.923 -0.902 0.081 0.425 -0.358 0.409 -0.839 -0.242 -0.909 -0.34 3005.DAT
1 46 -285.251 -224.39 -156.651 -0.902 0.081 0.425 -0.358 0.409 -0.839 -0.242 -0.909 -0.34 3024.DAT
1 36 -279.419 -194.942 -222.099 0.902 -0.081 0.425 0.358 -0.409 -0.839 0.242 0.909 -0.34 4073.DAT
1 0 -306.059 -170.902 -241.164 -0.902 -0.081 -0.425 -0.358 -0.409 0.839 -0.242 0.909 0.34 4740.DAT
0 Inlined: 1 0 -342.452 -161.163 -160.232 -0.425 0.081 -0.902 0.839 0.409 -0.358 0.34 -0.909 -0.242 r_hand.dat
0 Ronin Hand
0 Name: r_hand.dat
0 Author: Ben Vaughan
0 Unofficial Model
1 7 -349.268 -159.911 -171.833 -0.425 0.902 0.081 0.839 0.358 0.409 0.34 0.242 -0.909 972.DAT
1 7 -349.83 -164.845 -160.35 -0.425 0.081 -0.902 0.839 0.409 -0.358 0.34 -0.909 -0.242 970.DAT
1 7 -349.268 -159.911 -171.833 -0.425 0.902 0.081 0.839 0.358 0.409 0.34 0.242 -0.909 971.DAT
1 7 -353.416 -174.559 -140.836 -0.425 0.081 -0.902 0.839 0.409 -0.358 0.34 -0.909 -0.242 3039.DAT
1 7 -354.064 -177.831 -133.564 -0.425 0.081 -0.902 0.839 0.409 -0.358 0.34 -0.909 -0.242 3794.DAT
0 Inlined: 1 0 -338.866 -194.526 -73.432 0.425 0.902 -0.081 -0.839 0.358 -0.409 -0.34 0.242 0.909 r_r4arm.dat
0 Ronin Right Forearm
0 Name: r_r4arm.dat
0 Author: Ben Vaughan
0 Unofficial Model
1 0 -338.866 -194.526 -73.432 0.081 0.902 0.425 0.409 0.358 -0.839 -0.909 0.242 -0.34 3020.DAT
1 7 -344.462 -189.21 -93.548 -0.081 0.902 -0.425 -0.409 0.358 0.839 0.909 0.242 0.34 3020.DAT
1 0 -363.68 -185.532 -126.626 0.425 0.902 -0.081 -0.839 0.358 -0.409 -0.34 0.242 0.909 3700.DAT
1 0 -368.54 -210.072 -72.086 0.425 0.902 -0.081 -0.839 0.358 -0.409 -0.34 0.242 0.909 3700.DAT
1 0 -366.11 -197.802 -99.356 0.425 0.902 -0.081 -0.839 0.358 -0.409 -0.34 0.242 0.909 3003.DAT
1 7 -373.326 -200.666 -101.292 -0.081 0.902 -0.425 -0.409 0.358 0.839 0.909 0.242 0.34 3020.DAT
1 0 -365.406 -184.906 -71.472 0.081 -0.425 0.902 0.409 0.839 0.358 -0.909 0.34 0.242 3956.DAT
1 7 -359.736 -156.276 -135.102 0.902 -0.425 -0.081 0.358 0.839 -0.409 0.242 0.34 0.909 3069.DAT
1 7 -362.166 -168.546 -107.832 0.081 -0.425 0.902 0.409 0.839 0.358 -0.909 0.34 0.242 3068.DAT
1 7 -367.836 -197.176 -44.202 -0.902 -0.425 0.081 -0.358 0.839 0.409 -0.242 0.34 -0.909 3069.DAT
1 7 -366.376 -165.924 -96.022 0.902 -0.425 -0.081 0.358 0.839 -0.409 0.242 0.34 0.909 3747.DAT
1 7 -367.996 -174.104 -77.842 -0.902 -0.425 0.081 -0.358 0.839 0.409 -0.242 0.34 -0.909 3747.DAT
1 0 -377.467 -150.287 -77.863 0.081 -0.425 0.902 0.409 0.839 0.358 -0.909 0.34 0.242 2654.DAT
1 0 -360.485 -211.414 -58.754 0.425 0.902 -0.081 -0.839 0.358 -0.409 -0.34 0.242 0.909 6048.DAT
1 7 -320.633 -334 -37.341 0.259 0 0.966 0 1 0 -0.966 0 0.259 4474.DAT
1 7 -45.378 -333.263 44.277 -0.246 -0.08 -0.966 -0.309 0.951 0 0.919 0.298 -0.259 4474.DAT
0 Inlined: 1 0 -186.023 -321 -2.659 0.707 0 -0.707 0 1 0 0.707 0 0.707 r_head.dat
0 Ronin Head
0 Name: r_head.dat
0 Author: Ben Vaughan
0 Unofficial Model
1 7 -186.023 -323 -2.659 0.707 0 -0.707 0 1 0 0.707 0 0.707 3020.DAT
1 7 -207.233 -331 -23.869 0.707 0 0.707 0 1 0 -0.707 0 0.707 3710.DAT
1 7 -164.813 -331 18.551 0.707 0 0.707 0 1 0 -0.707 0 0.707 3710.DAT
1 0 -178.953 -331 -9.729 -0.707 0 -0.707 0 1 0 0.707 0 -0.707 3021.DAT
1 7 -186.023 -339 -45.079 0.707 0 -0.707 0 1 0 0.707 0 0.707 4073.DAT
1 7 -143.603 -339 -2.659 0.707 0 -0.707 0 1 0 0.707 0 0.707 4073.DAT
1 7 -207.233 -339 18.551 0.707 0 -0.707 0 1 0 0.707 0 0.707 3710.DAT
1 7 -186.023 -339 -2.659 0.707 0 -0.707 0 1 0 0.707 0 0.707 3020.DAT
1 7 -164.813 -339 -23.869 0.707 0 -0.707 0 1 0 0.707 0 0.707 3023.DAT
1 7 -186.023 -347 -2.659 -0.707 0 -0.707 0 1 0 0.707 0 -0.707 3020.DAT
1 7 -200.163 -363 -30.939 0.707 0 -0.707 0 1 0 0.707 0 0.707 3040.DAT
1 7 -221.373 -363 -9.729 0.707 0 0.707 0 1 0 -0.707 0 0.707 3004.DAT
1 7 -193.093 -355 4.411 -0.707 0 -0.707 0 1 0 0.707 0 -0.707 3021.DAT
1 14 -171.883 -355 -30.939 0.707 0 -0.707 0 1 0 0.707 0 0.707 3024.DAT
1 14 -157.743 -355 -16.799 0.707 0 -0.707 0 1 0 0.707 0 0.707 3024.DAT
1 7 -164.813 -379 -23.869 0.707 0 -0.707 0 1 0 0.707 0 0.707 3039.DAT
1 7 -178.953 -379 -9.729 -0.707 0 0.707 0 1 0 -0.707 0 -0.707 3298.DAT
1 7 -157.743 -363 11.481 0.707 0 -0.707 0 1 0 0.707 0 0.707 3040.DAT
1 7 -178.953 -363 32.691 -0.707 0 -0.707 0 1 0 0.707 0 -0.707 3004.DAT
